43159	
43261	
43263	
43283	
43325	
3555	
203	
205	
215	
225	
481	
43639	
635	
641	
793	
801	
813	
819	
835	
837	
869	
875	
877	
879	
41899	
41907	
41909	
41923	
41925	
41937	
41949	
41951	
41953	
41955	
31021	
31027	
1057	
1063	
7613	
7621	
7629	
7687	
7689	
1463	
1473	
1479	
1481	
1483	
1487	
1653	
2221	
2227	
2247	
12791	
12799	
12807	
12819	
12823	
2307	
2609	
2621	
21233	
21237	
3981	
3983	
4013	
4071	
4191	
4217	
4249	
4271	
4319	
4853	
30461	
6651	
6803	
7069	
7075	
7091	
7099	
7101	
24849	
24857	
24867	
24869	
24873	
24881	
24883	
24887	
24893	
24895	
24913	
24961	
24965	
34623	
34629	
7711	
7817	
7829	
7835	
7845	
27639	
7859	
45479	
23021	
23047	
23057	
10255	
10271	
10283	
10285	
10295	
10329	
10347	
10365	
10371	
10415	
10417	
10437	
10945	
10953	
10955	
10959	
10961	
10963	
10975	
13157	
13175	
13181	
41493	
41511	
41525	
41541	
41563	
41585	
41589	
41597	
41601	
41611	
41629	
41637	
41639	
41643	
41647	
41655	
41667	
41675	
41705	
41711	
41723	
41727	
41741	
41749	
35627	
35631	
35639	
35643	
35771	
35807	
35809	
35817	
35835	
15785	
13931	
13953	
13969	
13985	
14023	
34459	
34611	
34619	
34717	
14409	
14791	
14793	
14795	
14967	
14979	
14981	
14985	
14987	
14989	
15015	
15077	
15351	
15599	
15601	
15609	
16191	
19523	
19531	
19551	
19579	
19585	
17003	
17285	
18077	
18233	
20515	
20537	
18649	
45447	
45469	
18891	
18895	
18957	
18959	
19155	
19727	
19739	
20383	
20389	
20393	
20617	
22325	
22455	
22591	
22689	
22701	
22819	
22897	
23545	
23609	
23651	
34213	
34273	
34279	
34311	
34339	
34349	
34359	
34367	
34383	
45191	
23699	
23825	
23837	
24333	
24607	
24621	
24641	
24657	
24659	
24663	
24669	
24705	
24721	
24725	
24729	
24739	
24743	
25003	
25009	
25013	
25431	
27835	
27353	
30735	
30757	
30849	
27871	
29423	
29523	
29535	
29553	
29565	
29571	
29793	
29795	
29815	
29821	
29829	
29849	
29863	
29877	
29999	
30007	
30011	
30013	
30017	
30019	
30023	
30027	
32101	
32103	
32123	
32131	
32135	
32143	
32199	
32207	
32217	
32221	
32247	
32269	
32273	
30929	
30891	
30901	
31043	
31417	
31421	
31427	
31447	
32289	
32427	
32451	
32827	
33367	
33369	
33649	
34001	
34445	
34491	
34535	
34579	
34653	
34659	
34661	
34691	
34733	
34765	
34767	
34773	
34783	
34791	
34793	
34797	
34997	
35007	
35277	
37075	
37259	
37315	
37419	
37513	
37609	
37627	
37667	
37673	
37683	
37741	
38051	
38059	
38071	
38077	
38085	
38101	
38105	
38113	
38403	
38405	
38407	
38409	
38411	
38829	
38855	
38857	
39371	
39901	
39911	
39915	
39917	
39921	
39927	
39937	
39943	
39955	
39959	
39969	
40001	
40013	
40015	
40019	
40027	
40029	
40031	
49639	
49651	
40907	
41081	
41083	
41095	
41097	
41101	
41103	
41109	
41117	
41123	
41137	
41147	
41159	
41163	
41175	
41173	
42351	
42405	
42503	
42777	
43383	
43399	
43413	
43481	
43499	
43519	
43523	
43525	
43533	
43567	
43573	
43621	
43655	
43657	
43787	
43801	
43807	
43821	
43825	
43827	
44157	
44211	
44229	
44255	
44435	
44453	
44497	
44499	
44733	
44755	
45329	
45591	
45593	
45631	
45641	
45663	
45685	
45695	
45697	
45701	
45963	
46133	
46141	
46145	
46455	
47801	
48187	
48205	
48423	
48429	
48909	
48919	
48923	
48939	
49287	
49297	
49299	
49301	
49305	
49307	
49735	
49739	
49773	
49991	
49993	
49999	
