43198	
43234	
43326	
43368	
3552	
3556	
212	
224	
244	
480	
780	
794	
796	
798	
810	
814	
830	
864	
876	
878	
41908	
41910	
41922	
41948	
41950	
41960	
31038	
1044	
1046	
1056	
7604	
7610	
7624	
7632	
7662	
1460	
1462	
1474	
1476	
1478	
1482	
2270	
12806	
12812	
12814	
2312	
2314	
2600	
2604	
2620	
2628	
21230	
21234	
21248	
3990	
4028	
4098	
4154	
4230	
4258	
4304	
4306	
4312	
4324	
30444	
30482	
5360	
41630	
6644	
6694	
6800	
32800	
7088	
7098	
7102	
24854	
24884	
24896	
24934	
24938	
24946	
24956	
24968	
24976	
24994	
24998	
34648	
7706	
7708	
7826	
7836	
7838	
27646	
8228	
8382	
8762	
8764	
9870	
23010	
23018	
23054	
10136	
39356	
10146	
10252	
10256	
10258	
10270	
10286	
10310	
10312	
10322	
10366	
10372	
10376	
10410	
10432	
10440	
10444	
10458	
10464	
10966	
10970	
10974	
11830	
13170	
13178	
41478	
41496	
41502	
41510	
41516	
41540	
41550	
41560	
41576	
41584	
41588	
41592	
41602	
41610	
41612	
41618	
41634	
41636	
41658	
41694	
41708	
41716	
41722	
41728	
41730	
41736	
41744	
35638	
35690	
35784	
35824	
35828	
35830	
13720	
13904	
13940	
14016	
14022	
14068	
14114	
14124	
14136	
14224	
34614	
34742	
14392	
14430	
14790	
14792	
14798	
14966	
14968	
14972	
14984	
14986	
14988	
15016	
15078	
15352	
15596	
15598	
15600	
15602	
15608	
16190	
19538	
19574	
40502	
16980	
17000	
17274	
17742	
20532	
20540	
20548	
20550	
18466	
45470	
45556	
18902	
18958	
19094	
19098	
19144	
19164	
19168	
19172	
19176	
19186	
19192	
19200	
19216	
45582	
19718	
19740	
20388	
20602	
20616	
20618	
21274	
22454	
22578	
22818	
33630	
23596	
23654	
23680	
34158	
34242	
34264	
34270	
34366	
34374	
45184	
45190	
23826	
24332	
24606	
24646	
24656	
24658	
24670	
24674	
24692	
24696	
24710	
24722	
24730	
24742	
24744	
24746	
24752	
24766	
25004	
25012	
25432	
25682	
25692	
25862	
25868	
25886	
25920	
27342	
30754	
30770	
30788	
30798	
30804	
27848	
27856	
27864	
28506	
29424	
29532	
29538	
29544	
29548	
29550	
29564	
29570	
29824	
29862	
29866	
30000	
30006	
30010	
30016	
30018	
30020	
30024	
32088	
32124	
32138	
32148	
32160	
32200	
32248	
32254	
32264	
32266	
32268	
32270	
32274	
32276	
30908	
30918	
30924	
30926	
30932	
31044	
31416	
31426	
31428	
31432	
31438	
31450	
31452	
31456	
31462	
31464	
31928	
32282	
32292	
32430	
32438	
32444	
32450	
34796	
32832	
32854	
33112	
33354	
33360	
33998	
34424	
34478	
34582	
34670	
34686	
34692	
34738	
34746	
34764	
34766	
34770	
34782	
34794	
34800	
34998	
35002	
35012	
35014	
35276	
35410	
35848	
35862	
37012	
37312	
37334	
37342	
37480	
37644	
37390	
37500	
37512	
37550	
37568	
37602	
37624	
37632	
37636	
37728	
37760	
37766	
37770	
37788	
37800	
38058	
38066	
38106	
38084	
38096	
38102	
38404	
38406	
38410	
38842	
38850	
38856	
38858	
39852	
39888	
39902	
39904	
39922	
39924	
39938	
39940	
39962	
39972	
39990	
40008	
40016	
40032	
49670	
49674	
40916	
41096	
41100	
41104	
41122	
41130	
41140	
41142	
41144	
41150	
41156	
41158	
41164	
41170	
41174	
41176	
42356	
42362	
42368	
42370	
42376	
42380	
42384	
43442	
43448	
43464	
43466	
43472	
43486	
43496	
43498	
43508	
43510	
43512	
43562	
43628	
43640	
43642	
43644	
43664	
43790	
43800	
44140	
44170	
44240	
44246	
44434	
44436	
44440	
44490	
44496	
44514	
44734	
44754	
45326	
45328	
45330	
45618	
45628	
45630	
45632	
45664	
45670	
45696	
45968	
46136	
46150	
46154	
46162	
46164	
46444	
46492	
47160	
47800	
48196	
48198	
48206	
48506	
48890	
48936	
49072	
49074	
49076	
49288	
49298	
49300	
49302	
49306	
49308	
49708	
49724	
49756	
49772	
49996	
